10 10 10000 100 544869 790533
10 10 10000 1000 4560226 4636047
10 10 10000 10000 44990062 44060302
10 10 100000 100 3550225 1671137
10 10 100000 1000 33640389 12865169
10 10 100000 10000 332065347 124042555
10 10 1000000 100 31415925 7625695
10 10 1000000 1000 314091848 59890743
10 10 1000000 10000 3065750384 579516145
10 20 10000 100 574529 737319
10 20 10000 1000 4491034 4329425
10 20 10000 10000 44844365 41815483
10 20 100000 100 3406845 1567551
10 20 100000 1000 33243869 12109142
10 20 100000 10000 328293846 119046322
10 20 1000000 100 31009922 7602004
10 20 1000000 1000 304267412 59064088
10 20 1000000 10000 3091916603 578428084
20 10 10000 100 721039 1470781
20 10 10000 1000 6908536 11861738
20 10 10000 10000 70964182 117772773
20 10 100000 100 3991051 3492392
20 10 100000 1000 36512926 28716796
20 10 100000 10000 366923667 287061729
20 10 1000000 100 31550203 11095660
20 10 1000000 1000 314210320 94890396
20 10 1000000 10000 3156235304 975023747
20 20 10000 100 781520 1605782
20 20 10000 1000 7078239 12065115
20 20 10000 10000 70418020 117093130
20 20 100000 100 3914482 3399894
20 20 100000 1000 36435080 28948944
20 20 100000 10000 373651264 288369758
20 20 1000000 100 32614283 11366871
20 20 1000000 1000 312977560 95498580
20 20 1000000 10000 3172708075 974039718
