10000 2 0 0.008870
10000 4 0 0.064996
10000 8 0 0.051422
10000 16 0 0.094720
100000 2 0 0.073471
100000 4 0 0.705630
100000 8 0 2.393395
100000 16 0 5.330007
1000000 2 0 0.644787
1000000 4 0 4.325902
1000000 8 0 16.558267
1000000 16 0 142.902011
10000 2 1 0.009037
10000 4 1 0.067109
10000 8 1 0.054148
10000 16 1 0.094784
100000 2 1 0.073908
100000 4 1 0.712926
100000 8 1 2.407024
100000 16 1 5.511051
1000000 2 1 0.678425
1000000 4 1 4.469324
1000000 8 1 16.931098
1000000 16 1 143.012063
10000 2 2 0.004941
10000 4 2 0.034655
10000 8 2 0.027827
10000 16 2 0.048949
100000 2 2 0.056399
100000 4 2 0.361231
100000 8 2 1.220036
100000 16 2 2.813571
1000000 2 2 0.336666
1000000 4 2 2.240887
1000000 8 2 8.522306
1000000 16 2 72.879066
10000 2 4 0.003108
10000 4 4 0.018000
10000 8 4 0.014280
10000 16 4 0.025494
100000 2 4 0.019816
100000 4 4 0.184349
100000 8 4 0.621160
100000 16 4 1.423653
1000000 2 4 0.171799
1000000 4 4 1.142680
1000000 8 4 5.286363
1000000 16 4 37.186495
10000 2 8 0.002091
10000 4 8 0.010539
10000 8 8 0.008172
10000 16 8 0.013340
100000 2 8 0.010879
100000 4 8 0.094362
100000 8 8 0.315570
100000 16 8 0.738410
1000000 2 8 0.090254
1000000 4 8 0.587560
1000000 8 8 2.218293
1000000 16 8 19.507314
10000 2 16 0.001811
10000 4 16 0.007138
10000 8 16 0.005364
10000 16 16 0.007885
100000 2 16 0.006549
100000 4 16 0.050640
100000 8 16 0.197938
100000 16 16 0.376160
1000000 2 16 0.066092
1000000 4 16 0.313343
1000000 8 16 1.371089
1000000 16 16 10.077378
10000 2 32 0.002889
10000 4 32 0.010923
10000 8 32 0.007420
10000 16 32 0.009574
100000 2 32 0.006724
100000 4 32 0.048592
100000 8 32 0.200075
100000 16 32 0.355279
1000000 2 32 0.049833
1000000 4 32 0.269577
1000000 8 32 1.124550
1000000 16 32 9.356575
10000 2 64 0.018022
10000 4 64 0.069319
10000 8 64 0.033510
10000 16 64 0.034157
100000 2 64 0.019569
100000 4 64 0.120017
100000 8 64 0.310939
100000 16 64 0.571384
1000000 2 64 0.074087
1000000 4 64 0.354913
1000000 8 64 1.238412
1000000 16 64 9.958701
