1 1024 50 0.004297 0.004374 0.982356
1 1024 100 0.004299 0.004302 0.999448
1 1024 200 0.004304 0.004294 1.002212
1 1024 500 0.004335 0.004435 0.977510
1 2048 50 0.019434 0.018722 1.037986
1 2048 100 0.019599 0.019267 1.017193
1 2048 200 0.019696 0.018573 1.060474
1 2048 500 0.020022 0.018915 1.058565
1 4096 50 0.084533 0.084023 1.006062
1 4096 100 0.084958 0.085249 0.996588
1 4096 200 0.084474 0.083654 1.009807
1 4096 500 0.084311 0.083106 1.014501
1 8192 50 0.348075 0.334986 1.039076
1 8192 100 0.344523 0.329005 1.047166
1 8192 200 0.346609 0.358374 0.967172
1 8192 500 0.349787 0.347863 1.005533
2 1024 50 0.004348 0.002369 1.835589
2 1024 100 0.004470 0.002462 1.815333
2 1024 200 0.004497 0.002357 1.908312
2 1024 500 0.004486 0.002619 1.712602
2 2048 50 0.020341 0.010015 2.031061
2 2048 100 0.020087 0.010185 1.972255
2 2048 200 0.020284 0.010011 2.026091
2 2048 500 0.020429 0.009978 2.047358
2 4096 50 0.088207 0.043596 2.023285
2 4096 100 0.086041 0.044167 1.948065
2 4096 200 0.084353 0.044801 1.882838
2 4096 500 0.086811 0.044918 1.932676
2 8192 50 0.349969 0.180790 1.935779
2 8192 100 0.342210 0.181245 1.888113
2 8192 200 0.347513 0.178420 1.947723
2 8192 500 0.344093 0.182048 1.890120
4 1024 50 0.004527 0.001458 3.105049
4 1024 100 0.004641 0.001451 3.198855
4 1024 200 0.004554 0.001532 2.973643
4 1024 500 0.004577 0.001522 3.007022
4 2048 50 0.020297 0.005314 3.819259
4 2048 100 0.020037 0.005300 3.780466
4 2048 200 0.019996 0.005330 3.751837
4 2048 500 0.019962 0.005287 3.775657
4 4096 50 0.087278 0.023131 3.773227
4 4096 100 0.087040 0.022683 3.837215
4 4096 200 0.087474 0.023203 3.769892
4 4096 500 0.086585 0.023083 3.751003
4 8192 50 0.349758 0.091546 3.820569
4 8192 100 0.351953 0.080670 4.362852
4 8192 200 0.353298 0.090959 3.884129
4 8192 500 0.351261 0.091507 3.838631
8 1024 50 0.004786 0.001168 4.096542
8 1024 100 0.004543 0.000990 4.587529
8 1024 200 0.004581 0.001130 4.052521
8 1024 500 0.004664 0.001067 4.369298
8 2048 50 0.020708 0.003397 6.096121
8 2048 100 0.020356 0.003457 5.887706
8 2048 200 0.020259 0.003302 6.135563
8 2048 500 0.020870 0.003386 6.163396
8 4096 50 0.088698 0.018124 4.893940
8 4096 100 0.088344 0.018006 4.906238
8 4096 200 0.087971 0.017301 5.084683
8 4096 500 0.087967 0.017258 5.097070
8 8192 50 0.357752 0.068948 5.188697
8 8192 100 0.311139 0.061670 5.045204
8 8192 200 0.354311 0.069974 5.063459
8 8192 500 0.354374 0.059729 5.933031
16 1024 50 0.004773 0.000983 4.855072
16 1024 100 0.004769 0.000953 5.002495
16 1024 200 0.004820 0.000943 5.113351
16 1024 500 0.004718 0.001074 4.391162
16 2048 50 0.020902 0.002804 7.453431
16 2048 100 0.021057 0.002532 8.314579
16 2048 200 0.020814 0.002661 7.822846
16 2048 500 0.020797 0.002617 7.947368
16 4096 50 0.092119 0.018386 5.010203
16 4096 100 0.091560 0.018183 5.035390
16 4096 200 0.088135 0.018506 4.762430
16 4096 500 0.092189 0.019641 4.693647
16 8192 50 0.371883 0.071319 5.214337
16 8192 100 0.354519 0.068968 5.140302
16 8192 200 0.311332 0.065291 4.768348
16 8192 500 0.320427 0.065367 4.901936
32 1024 50 0.004799 0.002928 1.639091
32 1024 100 0.004782 0.001159 4.127053
32 1024 200 0.004828 0.001134 4.257590
32 1024 500 0.004766 0.043297 0.110072
32 2048 50 0.022042 0.003706 5.948415
32 2048 100 0.021514 0.001909 11.268658
32 2048 200 0.021865 0.001946 11.236121
32 2048 500 0.021567 0.001724 12.510337
32 4096 50 0.093450 0.024134 3.872141
32 4096 100 0.093891 0.015937 5.891381
32 4096 200 0.092299 0.015620 5.909015
32 4096 500 0.093526 0.015881 5.889130
32 8192 50 0.377872 0.068223 5.538783
32 8192 100 0.376360 0.068402 5.502170
32 8192 200 0.375414 0.068099 5.512736
32 8192 500 0.376589 0.067898 5.546435
