0 0 100000 1000000 5573159
1 0 100000 1000000 771742
0 0 100000 10000000 21412853
1 0 100000 10000000 715939
0 0 100000 100000000 125713096
1 0 100000 100000000 4629260
0 0 1000000 1000000 3562
1 0 1000000 1000000 1313147
0 0 1000000 10000000 117412723
1 0 1000000 10000000 6582360
0 0 1000000 100000000 320581355
1 0 1000000 100000000 30189334
0 0 10000000 10000000 4749
1 0 10000000 10000000 12189952
0 0 10000000 100000000 2266945396
1 0 10000000 100000000 91020375
0 0 10000000 100000000 2237710906
1 0 10000000 100000000 91102309
