18 4 0 8325
18 16 0 23062
18 64 0 90450
18 256 0 361462
66 4 0 55350
66 16 0 219712
66 64 0 875137
66 256 0 3476137
258 4 0 807075
258 16 0 3236175
258 64 0 13029862
258 256 0 52574175
1026 4 0 14323162
1026 16 0 54658012
1026 64 0 217276312
1026 256 0 873468000
4098 4 0 317202862
4098 16 0 138007808
4098 64 0 5091424987
4098 256 0 20271193875
18 4 1 114862
66 4 1 120937
258 4 1 910125
1026 4 1 14389200
4098 4 1 327123337
18 16 1 210937
66 16 1 426600
258 16 1 3735900
1026 16 1 56345062
4098 16 1 1292822775
18 64 1 407812
66 64 1 1341562
258 64 1 13812862
1026 64 1 224050950
4098 64 1 5199306637
18 256 1 1409512
66 256 1 5094225
258 256 1 57546112
1026 256 1 897148575
4098 256 1 19882900462
18 4 2 55343
66 4 2 74970
258 4 2 280226
1026 4 2 1584403
4098 4 2 20164718
18 16 2 1150425
66 16 2 2696175
258 16 2 14756062
1026 16 2 85060350
4098 16 2 1126926450
18 64 2 2517862
66 64 2 9466537
258 64 2 52702650
1026 64 2 329620837
4098 64 2 4490821575
18 256 2 7602750
66 256 2 13828275
258 256 2 197955787
1026 256 2 1317514387
4098 256 2 17274525862
18 4 4 1624950
66 4 4 1482525
258 4 4 244058
1026 4 4 1078669
4098 4 4 13983474
18 16 4 1601887
66 16 4 2893725
258 16 4 8832825
1026 16 4 52752600
4098 16 4 740862112
18 64 4 3141900
66 64 4 8129137
258 64 4 31668412
1026 64 4 96328237
4098 64 4 2865036262
18 256 4 9120375
66 256 4 24775200
258 256 4 123723000
1026 256 4 805964962
4098 256 4 950907184
18 4 8 158917
66 4 8 147361
258 4 8 216581
1026 4 8 764308
4098 4 8 11690554
18 16 8 187575
66 16 8 215771
258 16 8 468695
1026 16 8 2590312
4098 16 8 42630222
18 64 8 283277
66 64 8 527940
258 64 8 1539822
1026 64 8 10064339
4098 64 8 163909863
18 256 8 890240
66 256 8 1891542
258 256 8 6517437
1026 256 8 550402987
4098 256 8 8866891012
18 4 16 3523050
66 4 16 253259
258 4 16 307335
1026 4 16 782408
4098 4 16 9940735
18 16 16 308300
66 16 16 315296
258 16 16 477408
1026 16 16 2238399
4098 16 16 34542494
18 64 16 459787
66 64 16 565113
258 64 16 1227527
1026 64 16 8274199
4098 64 16 126799420
18 256 16 1003084
66 256 16 1503379
258 256 16 4155644
1026 256 16 32653656
4098 256 16 485734496
18 4 32 550302
66 4 32 537092
258 4 32 558114
1026 4 32 1003123
4098 4 32 10255425
18 16 32 661696
66 16 32 584383
258 16 32 666928
1026 16 32 2153273
4098 16 32 34579245
18 64 32 836226
66 64 32 1465636
258 64 32 1406391
1026 64 32 7568673
4098 64 32 142252774
18 256 32 1723006
66 256 32 13486421
258 256 32 3701637
1026 256 32 29731702
4098 256 32 494734507
18 4 64 1458968
66 4 64 1753896
258 4 64 1861116
1026 4 64 1705339
4098 4 64 10933171
18 16 64 2138490
66 16 64 2108460
258 16 64 2246106
1026 16 64 3752011
4098 16 64 36882665
18 64 64 5425732
66 64 64 5560324
258 64 64 5909018
1026 64 64 11754759
4098 64 64 129899422
18 256 64 18902843
66 256 64 19234297
258 256 64 20672776
1026 256 64 43461904
4098 256 64 464294966
