1 128 50 0.001368 0.002687 0.509059
1 128 100 0.002688 0.005295 0.507623
1 128 200 0.005435 0.010769 0.504741
1 128 500 0.013599 0.026720 0.508954
1 256 50 0.005420 0.010705 0.506322
1 256 100 0.010830 0.021433 0.505318
1 256 200 0.021771 0.042760 0.509149
1 256 500 0.054390 0.106754 0.509487
1 512 50 0.021649 0.042799 0.505826
1 512 100 0.043436 0.085650 0.507132
1 512 200 0.086525 0.170504 0.507465
1 512 500 0.217389 0.428678 0.507115
1 1024 50 0.086977 0.171742 0.506443
1 1024 100 0.174033 0.343621 0.506468
1 1024 200 0.348878 0.687218 0.507667
1 1024 500 0.900169 1.741174 0.516990
2 128 50 0.001371 0.001874 0.731939
2 128 100 0.002737 0.003766 0.726671
2 128 200 0.005635 0.007035 0.801013
2 128 500 0.014077 0.018648 0.754871
2 256 50 0.005586 0.005852 0.954555
2 256 100 0.011266 0.011558 0.974730
2 256 200 0.022651 0.023140 0.978861
2 256 500 0.056495 0.057595 0.980891
2 512 50 0.022446 0.022161 1.012858
2 512 100 0.044142 0.044507 0.991810
2 512 200 0.087832 0.088712 0.990083
2 512 500 0.226689 0.224431 1.010062
2 1024 50 0.090888 0.087789 1.035298
2 1024 100 0.180764 0.175569 1.029586
2 1024 200 0.348690 0.354422 0.983830
2 1024 500 0.887978 0.891193 0.996392
4 128 50 0.001446 0.001167 1.239064
4 128 100 0.002806 0.002144 1.308417
4 128 200 0.005623 0.004127 1.362486
4 128 500 0.014227 0.010183 1.397108
4 256 50 0.005600 0.003403 1.645847
4 256 100 0.011354 0.006560 1.730860
4 256 200 0.022695 0.013149 1.725959
4 256 500 0.056903 0.032813 1.734161
4 512 50 0.022719 0.011703 1.941260
4 512 100 0.045404 0.023337 1.945564
4 512 200 0.090848 0.046317 1.961421
4 512 500 0.226300 0.115459 1.959998
4 1024 50 0.091578 0.045333 2.020114
4 1024 100 0.180980 0.089048 2.032386
4 1024 200 0.365592 0.180359 2.027023
4 1024 500 0.909014 0.450420 2.018149
8 128 50 0.001457 0.001373 1.061418
8 128 100 0.002941 0.002421 1.214811
8 128 200 0.005828 0.004609 1.264554
8 128 500 0.014325 0.011555 1.239725
8 256 50 0.005796 0.003512 1.650439
8 256 100 0.011567 0.006294 1.837767
8 256 200 0.022887 0.013099 1.747213
8 256 500 0.057299 0.021977 2.607239
8 512 50 0.023378 0.012180 1.919290
8 512 100 0.046345 0.023977 1.932855
8 512 200 0.092322 0.047005 1.964107
8 512 500 0.232260 0.086639 2.680782
8 1024 50 0.092829 0.042213 2.199077
8 1024 100 0.185772 0.056038 3.315119
8 1024 200 0.370478 0.100586 3.683200
8 1024 500 0.930767 0.235105 3.958943
16 128 50 0.001478 0.001188 1.243757
16 128 100 0.002968 0.002303 1.288660
16 128 200 0.005916 0.004473 1.322804
16 128 500 0.014633 0.010354 1.413255
16 256 50 0.006011 0.002308 2.604423
16 256 100 0.011932 0.004571 2.610389
16 256 200 0.023349 0.009020 2.588653
16 256 500 0.059530 0.022404 2.657075
16 512 50 0.023851 0.006743 3.537418
16 512 100 0.047725 0.013580 3.514338
16 512 200 0.093581 0.027302 3.427658
16 512 500 0.234301 0.066878 3.503426
16 1024 50 0.094386 0.024206 3.899205
16 1024 100 0.186121 0.048066 3.872172
16 1024 200 0.382082 0.095523 3.999876
16 1024 500 0.939998 0.237558 3.956923
32 128 50 0.001483 0.001984 0.747456
32 128 100 0.003025 0.102220 0.029595
32 128 200 0.005966 0.005787 1.030981
32 128 500 0.014923 0.019658 0.759135
32 256 50 0.005954 0.002468 2.412217
32 256 100 0.011938 0.004336 2.753286
32 256 200 0.023962 0.024033 0.997036
32 256 500 0.059684 0.018599 3.209001
32 512 50 0.023988 0.005684 4.220598
32 512 100 0.053054 0.009257 5.731050
32 512 200 0.096515 0.017217 5.605820
32 512 500 0.240826 0.062511 3.852555
32 1024 50 0.096971 0.017346 5.590281
32 1024 100 0.191773 0.033810 5.672016
32 1024 200 0.389762 0.053320 7.309871
32 1024 500 0.988876 0.192577 5.134958
